74 51 23 1 0 3 9 0 15 2 0 14 8 0 6 6 0 2 1 0 2 6 0 9 15 0 17 3 0 16 14 0 0 0 0 0 0 0 1 0 10
51 37 14 2 0 3 8 0 11 1 0 8 6 0 5 3 0 2 2 0 0 2 0 8 11 0 13 3 0 8 8 0 0 0 0 1 0 0 1 0 11
219 140 79 12 0 8 17 0 34 4 0 54 23 0 9 17 0 15 4 0 3 31 0 17 34 0 49 8 0 57 54 0 0 0 0 0 0 0 12 0 10
113 74 39 3 0 6 11 0 16 2 0 29 10 0 5 5 0 5 4 0 1 19 0 11 16 0 21 6 0 30 29 0 0 0 0 1 0 0 2 0 10
67 47 20 4 0 5 9 0 12 2 0 12 7 0 4 3 0 3 3 0 2 5 0 9 12 0 15 5 0 14 12 0 0 0 0 0 0 0 4 0 10
155 101 54 4 0 8 12 0 23 4 0 38 16 0 5 11 0 9 4 0 3 22 0 13 23 0 32 8 0 41 38 0 1 0 0 0 0 0 3 0 10
54 38 16 1 0 5 7 0 9 3 0 9 5 0 3 2 1 2 2 0 2 4 0 8 9 1 11 5 0 11 9 0 1 0 0 0 0 0 0 0 10
145 95 50 1 0 7 15 0 24 2 0 33 14 0 8 9 0 7 5 0 2 19 0 15 24 0 31 7 0 35 33 0 0 0 0 1 0 0 0 0 10
51 38 13 1 0 4 5 0 8 1 0 12 8 0 1 3 0 2 3 0 0 4 0 5 8 0 10 4 0 12 12 0 0 0 0 0 0 0 1 0 11
224 143 81 6 0 7 17 0 34 1 0 59 25 0 10 17 0 14 6 0 0 34 0 17 34 0 48 7 0 59 59 0 0 0 0 0 0 0 6 0 10
48 35 13 2 0 4 5 0 8 2 0 10 6 0 1 3 0 1 2 0 2 4 0 5 8 0 9 4 0 12 10 0 0 0 0 1 0 0 1 0 11
112 74 38 4 0 5 10 0 19 2 0 24 14 0 5 9 0 9 3 0 1 11 0 10 19 0 28 5 0 25 25 0 0 0 0 0 0 0 4 0 11
53 38 15 1 0 5 6 0 9 4 0 8 6 0 2 3 1 4 1 0 2 2 0 7 9 1 13 5 0 10 8 0 1 0 0 0 0 0 0 0 11
255 162 93 5 0 8 20 0 40 2 0 65 27 0 12 21 0 14 6 0 2 38 0 20 41 0 54 8 0 67 65 0 0 0 0 0 0 0 5 0 11
139 91 48 1 0 5 15 0 25 1 0 30 15 0 10 10 0 8 4 0 1 15 0 15 25 0 33 5 0 31 30 0 0 0 0 0 0 0 1 0 10
57 41 16 1 0 5 9 0 10 3 0 10 4 0 4 1 0 1 2 0 2 6 0 9 10 0 11 5 0 12 10 0 0 0 0 1 0 0 0 0 10
141 93 48 3 0 6 11 0 23 4 0 33 16 0 5 12 0 10 2 0 2 17 0 11 23 0 33 6 0 35 33 0 0 0 0 1 0 0 2 0 11
43 32 11 2 0 3 5 0 7 3 0 9 5 0 2 2 0 1 0 0 1 5 0 5 7 0 8 3 0 10 10 0 0 0 0 0 0 0 2 0 11
239 153 86 4 0 10 19 0 35 1 0 63 25 0 10 16 0 12 9 0 1 38 0 20 35 0 47 10 0 64 63 0 1 0 0 0 0 0 3 0 11
135 89 46 5 0 6 12 0 23 2 0 31 15 0 6 11 0 7 4 0 2 16 0 12 23 0 30 6 0 33 31 0 0 0 0 1 0 0 4 0 10
136 89 47 0 0 6 12 3 20 1 3 31 13 0 7 8 0 7 5 1 1 18 0 13 20 3 27 6 4 32 31 0 0 0 0 0 0 0 0 0 11
53 38 15 1 0 4 9 0 11 2 0 7 5 0 5 2 0 2 2 0 2 2 0 9 11 0 13 4 0 9 7 0 0 0 0 1 0 0 0 0 11
63 45 18 4 0 6 7 0 8 2 0 15 7 0 1 1 0 3 4 0 1 8 0 7 8 0 11 6 0 16 15 0 0 0 0 0 0 0 4 0 11
177 114 63 0 0 8 16 2 26 1 2 42 17 0 9 10 1 10 7 0 1 25 0 17 26 3 36 8 2 43 42 0 0 0 0 0 0 0 0 0 11
159 104 55 4 0 8 12 0 23 2 0 41 18 0 5 11 0 9 6 0 1 23 0 13 23 0 32 8 0 42 41 0 1 0 0 0 0 0 3 0 11
154 100 54 0 0 6 12 0 23 3 0 39 17 0 6 11 0 10 4 0 1 22 0 12 23 0 33 7 0 40 39 0 0 0 0 0 0 0 0 0 11
82 57 25 2 0 4 7 0 15 2 0 17 12 0 3 8 0 6 2 0 1 5 0 7 15 0 21 4 0 18 17 0 0 0 0 0 0 0 2 0 11
117 77 40 5 0 5 10 0 20 3 0 26 13 0 5 10 0 8 2 0 2 13 0 10 20 0 28 5 0 28 26 0 0 0 0 1 0 0 4 0 11
113 75 38 4 0 6 10 0 19 4 0 24 12 0 5 9 0 7 2 0 3 12 0 11 19 0 26 6 0 27 24 0 1 0 0 0 0 0 3 0 10
143 93 50 0 0 7 12 0 22 2 1 34 15 0 6 10 1 7 5 0 2 19 0 13 22 1 29 7 1 36 34 0 0 0 0 0 0 0 0 0 11
85 58 27 1 0 3 6 0 17 1 0 18 13 0 4 11 0 4 2 0 1 5 0 7 17 0 21 3 0 19 18 0 1 0 0 0 0 0 0 0 10
144 94 50 3 0 7 15 0 23 1 0 33 15 0 8 8 0 9 6 0 1 18 0 15 23 0 32 7 0 34 33 0 0 0 0 0 0 0 3 0 10
140 92 48 2 0 7 16 0 24 4 0 29 12 0 9 8 0 8 3 0 3 17 0 16 24 0 32 7 0 32 29 0 0 0 0 1 0 0 1 0 10
175 113 62 5 0 7 18 0 28 1 0 42 17 0 11 10 0 9 6 0 1 25 0 18 28 0 37 7 0 43 42 0 0 0 0 0 0 0 5 0 10
201 130 71 10 0 8 16 0 31 2 0 52 21 0 8 15 0 9 6 0 2 31 0 16 31 0 40 8 0 54 52 0 0 0 0 1 0 0 9 0 11
113 75 38 2 0 5 12 0 21 1 0 23 13 0 8 9 0 6 4 0 1 10 0 13 21 0 27 5 0 24 23 0 0 0 0 1 0 0 1 0 11
37 29 8 1 0 4 5 0 6 2 0 7 5 0 1 1 0 2 2 0 0 2 0 5 6 0 8 4 0 7 7 0 0 0 0 1 0 0 0 0 11
51 36 15 0 0 5 6 0 8 2 0 10 5 0 2 2 0 1 3 0 2 5 0 7 8 0 9 5 0 12 10 0 0 0 0 0 0 0 0 0 10
115 77 38 11 0 6 12 0 21 1 0 22 15 0 6 9 0 10 5 0 1 7 0 12 21 0 31 6 0 23 22 0 0 0 0 0 0 0 11 0 11
48 36 12 2 0 3 5 0 10 1 0 9 8 0 2 5 0 2 2 0 0 1 0 5 10 0 12 3 0 9 9 0 0 0 0 1 0 0 1 0 11
88 60 28 5 0 4 9 0 15 2 0 20 10 0 5 6 0 4 2 0 1 10 0 9 15 0 19 4 0 21 20 0 0 0 0 0 0 0 5 0 10
161 104 57 1 0 7 14 0 24 4 0 40 15 0 8 10 0 8 3 1 2 25 0 15 24 0 32 7 1 42 40 0 1 0 0 0 0 0 0 0 11
196 126 70 7 0 6 15 0 32 2 0 48 23 0 9 17 0 14 4 0 1 25 0 15 32 0 46 6 0 49 48 0 0 0 0 0 0 0 7 0 10
113 76 37 1 0 7 11 0 16 4 0 28 10 0 5 5 0 4 3 0 2 18 0 12 16 0 20 7 0 30 28 0 1 0 0 0 0 0 0 0 11
33 26 7 1 0 4 5 0 6 3 0 4 4 0 2 1 1 1 1 0 1 0 0 6 6 1 7 4 0 5 4 0 1 0 0 0 0 0 0 0 11
173 111 62 6 0 5 13 0 27 3 0 45 18 0 8 15 0 8 2 0 2 27 0 13 28 0 35 5 0 47 45 0 0 0 0 0 0 0 6 0 10
78 53 25 0 0 4 8 0 12 2 0 19 8 0 4 4 0 2 2 0 1 12 0 8 12 0 14 4 0 20 20 0 0 0 0 0 0 0 0 0 10
200 128 72 2 0 7 19 0 34 2 0 45 21 0 13 15 0 13 5 1 1 24 0 20 34 0 47 7 1 46 45 0 1 0 0 0 0 0 1 0 11
176 114 62 4 0 7 16 0 28 2 0 43 18 0 9 12 0 10 5 0 1 25 0 16 28 0 38 7 0 44 43 0 0 0 0 1 0 0 3 0 10
44 32 12 0 0 3 6 0 8 1 0 8 6 0 3 2 0 3 2 0 0 2 0 6 8 0 11 3 0 8 8 0 0 0 0 0 0 0 0 0 10
160 103 57 1 0 6 14 0 26 2 0 38 17 0 8 13 0 9 4 0 2 21 0 14 27 0 35 6 0 40 38 0 0 0 0 0 0 0 1 0 10
43 32 11 1 0 3 5 0 8 1 0 9 6 0 2 3 0 1 2 0 0 3 0 5 8 0 9 3 0 9 9 0 0 0 0 1 0 0 0 0 10
74 51 23 3 0 3 7 0 15 2 0 15 9 0 4 8 0 2 1 0 2 6 0 7 15 0 17 3 0 17 15 0 0 0 0 1 0 0 2 0 10
113 74 39 0 0 7 12 1 18 3 1 22 10 0 6 6 0 7 4 1 3 12 0 13 18 1 25 7 2 25 22 0 0 0 0 0 0 0 0 0 10
35 27 8 0 0 3 4 0 6 3 0 7 4 0 1 2 0 1 0 0 1 3 0 4 6 0 7 3 0 8 7 0 0 0 0 0 0 0 0 0 11
193 124 69 1 0 8 17 0 29 2 0 48 20 0 9 12 0 12 7 0 1 28 0 17 29 0 41 9 0 49 48 0 0 0 0 0 0 0 1 0 11
105 71 34 6 0 4 7 0 19 2 0 25 14 0 3 12 0 4 2 0 2 11 0 7 19 0 23 4 0 27 25 0 0 0 0 1 0 0 5 0 11
56 40 16 1 0 3 7 0 11 1 0 11 7 0 4 4 0 2 2 0 0 4 0 7 11 0 13 3 0 11 11 0 0 0 0 1 0 0 0 0 10
138 91 47 3 0 7 13 0 22 2 0 32 15 0 6 9 0 8 5 0 2 17 0 13 22 0 30 7 0 34 32 0 0 0 0 0 0 0 3 0 11
82 56 26 8 0 3 9 0 16 2 0 17 9 0 6 7 0 3 1 0 1 8 0 9 16 0 19 3 0 18 17 0 0 0 0 1 0 0 7 0 10
164 106 58 1 0 8 15 0 26 2 0 38 17 0 8 11 0 10 6 0 2 21 0 16 26 0 36 8 0 40 38 0 0 0 0 0 0 0 1 0 11
48 35 13 5 0 3 5 0 8 2 0 11 6 0 2 3 0 1 1 0 1 5 0 5 8 0 9 3 0 12 11 0 0 0 0 0 0 0 5 0 10
50 36 14 2 0 4 5 1 8 3 1 9 5 0 2 3 1 1 1 0 2 4 0 6 8 2 9 4 1 11 9 0 0 0 0 0 0 0 2 0 11
148 97 51 21 0 6 11 0 23 2 0 37 18 0 5 12 0 11 4 0 0 19 0 11 23 0 34 6 0 37 37 0 0 0 0 1 0 0 20 0 11
121 81 40 3 0 4 12 0 22 1 0 28 14 0 8 10 0 4 3 0 1 14 0 12 22 0 26 4 0 29 28 0 0 0 0 0 0 0 3 0 11
125 82 43 1 0 6 11 0 18 3 0 31 13 0 5 7 0 8 4 0 1 18 0 11 18 0 26 7 0 32 31 0 0 0 0 0 0 0 1 0 11
76 52 24 0 3 5 9 0 14 4 0 11 6 1 5 5 0 3 1 0 4 5 4 10 14 0 17 5 0 15 11 0 0 0 0 0 0 0 0 0 11
95 63 32 0 2 5 10 0 15 1 0 21 9 1 6 5 0 3 4 0 1 12 3 11 15 0 18 5 0 22 21 0 0 0 0 0 0 0 0 0 10
109 72 37 0 0 6 11 0 17 3 0 24 11 0 5 6 0 7 3 0 2 14 0 11 17 0 24 6 0 26 25 0 0 0 0 0 0 0 0 0 10
65 45 20 0 0 4 6 0 11 3 0 13 8 0 2 5 0 4 2 0 2 5 0 6 11 0 15 5 0 15 13 0 0 0 0 0 0 0 0 0 10
87 58 29 6 0 4 7 0 14 3 0 21 9 0 4 7 1 2 1 0 2 12 0 8 14 1 16 4 0 23 21 0 1 0 0 0 0 0 5 0 10
187 120 67 2 0 8 16 0 28 3 0 47 18 1 9 12 0 9 5 0 2 29 1 17 28 0 37 8 0 49 47 0 1 0 0 0 0 0 1 0 11
114 75 39 6 0 5 9 0 17 1 0 29 14 0 4 8 0 7 4 0 0 16 0 9 17 0 24 5 0 29 30 0 0 0 0 0 0 0 6 0 10
64 44 20 3 0 3 5 0 10 1 0 16 9 0 2 5 0 3 2 0 0 8 0 5 10 0 13 3 0 16 17 0 0 0 0 0 0 0 3 0 10
106 71 35 2 0 2 8 0 22 0 0 23 16 0 6 14 0 6 2 0 0 7 0 8 22 0 28 2 0 23 23 0 0 0 0 1 0 0 1 0 10
263 167 96 11 0 8 16 0 38 1 0 74 30 0 8 22 0 14 7 0 1 44 0 16 38 0 52 8 0 75 74 0 0 0 0 1 0 0 10 0 11
171 110 61 0 0 6 16 0 29 2 0 39 18 0 10 13 0 10 4 0 2 22 0 16 29 0 39 6 0 41 40 0 0 0 0 0 0 0 0 0 10
155 100 55 0 0 5 14 0 26 3 0 36 16 0 9 12 0 9 3 0 2 20 0 14 26 0 35 6 0 38 36 0 0 0 0 0 0 0 0 0 10
203 131 72 1 0 5 14 0 33 4 0 53 22 0 10 19 0 9 1 0 2 31 0 15 33 0 42 5 0 55 53 0 1 0 0 0 0 0 0 0 11
72 49 23 5 0 3 8 0 13 0 0 16 9 0 5 6 0 2 3 0 0 7 0 8 14 0 15 3 0 16 16 0 0 0 0 0 0 0 5 0 10
90 60 30 3 0 4 10 0 16 1 0 19 10 0 7 6 0 5 3 0 0 9 0 11 16 0 21 4 0 19 19 0 0 0 0 0 0 0 3 0 10
216 138 78 10 0 7 15 0 32 3 0 58 23 0 8 17 0 12 4 0 2 35 0 15 32 0 44 7 0 60 58 0 0 0 0 0 0 0 10 0 11
81 56 25 3 0 5 10 0 15 2 0 15 9 0 5 5 0 4 3 0 2 6 0 10 15 0 19 5 0 17 15 0 0 0 0 0 0 0 3 0 11
138 90 48 4 0 6 12 0 22 1 0 33 16 0 6 10 0 9 5 0 1 17 0 12 22 0 31 6 0 34 33 0 0 0 0 1 0 0 3 0 11
175 112 63 18 0 8 12 0 27 3 0 42 20 0 5 15 1 12 5 0 3 22 0 13 27 1 39 8 0 45 42 0 1 0 0 0 0 0 17 0 10
183 117 66 6 0 7 17 0 29 2 0 44 18 0 10 12 0 10 6 0 2 26 0 17 29 0 39 8 0 46 44 0 0 0 0 0 0 0 6 0 10
80 54 26 3 0 3 7 0 14 2 0 18 10 0 4 7 0 5 1 0 1 8 0 7 14 0 19 3 0 19 18 0 0 0 0 0 0 0 3 0 10
97 65 32 12 0 7 9 0 14 4 0 22 9 0 2 5 0 5 3 0 4 13 0 9 14 0 19 7 0 26 22 0 0 0 0 1 0 0 11 0 11
98 65 33 4 0 5 10 0 14 2 0 25 9 0 5 5 0 3 3 0 1 16 0 10 15 0 17 5 0 26 25 0 0 0 0 0 0 0 4 0 10
83 56 27 1 0 4 10 0 17 3 0 12 10 0 6 7 0 8 1 0 2 3 0 10 17 0 25 4 0 14 13 0 0 0 0 0 0 0 1 0 10
77 53 24 0 0 5 7 0 13 3 0 16 9 0 3 6 0 4 2 0 2 7 0 8 13 0 17 5 0 18 16 0 0 0 0 0 0 0 0 0 11
92 62 30 0 0 6 7 0 15 2 0 20 12 0 2 8 0 6 4 0 2 8 0 8 15 0 21 6 0 22 20 0 0 0 0 0 0 0 0 0 11
102 68 34 5 0 7 8 0 15 3 0 24 11 0 2 7 1 4 4 0 3 13 0 9 15 1 19 7 0 27 24 0 1 0 0 0 0 0 4 0 11
196 127 69 2 0 9 17 0 30 2 0 49 20 0 9 13 0 9 7 0 2 29 0 18 30 0 39 9 0 51 49 0 1 0 0 0 0 0 1 0 11
50 37 13 1 0 3 5 0 10 2 0 9 8 0 2 5 0 3 1 0 1 1 0 5 10 0 13 3 0 10 9 0 0 0 0 0 0 0 1 0 11
89 60 29 4 0 2 6 0 17 1 0 21 13 0 4 11 0 3 2 0 1 8 0 6 17 0 20 3 0 22 21 0 0 0 0 0 0 0 4 0 11
67 47 20 2 0 5 7 0 10 3 0 15 7 0 3 3 0 3 2 0 1 8 0 8 10 0 13 5 0 16 15 0 1 0 0 0 0 0 1 0 10
80 54 26 2 2 5 7 0 13 2 0 16 9 1 3 6 0 4 3 0 2 7 3 8 13 0 17 5 0 18 16 0 0 0 0 0 0 0 2 0 10
152 99 53 1 0 6 14 0 24 2 0 37 16 0 8 10 0 9 4 0 1 21 0 14 24 0 33 6 0 38 37 0 0 0 0 0 0 0 1 0 10
149 96 53 1 0 6 14 0 24 3 0 35 14 0 9 10 1 7 3 0 2 21 0 15 24 1 31 6 0 37 35 0 1 0 0 0 0 0 0 0 10
